256 852 577
256 852 577
256 852 577
256 852 577
256 852 577
180 339 075
852 877 508
690 465 643
844 812 427
668 586 270
801 212 125
541 877 357
579 336 309
327 729 697
187 092 082
421 141 813
550 706 169
793 108 414
695 125 109
522 159 591
557 269 043
881 452 471
134 634 309
669 990 366
379 184 738
187 990 343
850 970 505
540 053 694
399 776 001
143 846 307
103 856 696
173 691 346
810 609 704
808 441 677
541 770 563
860 511 256
903 611 492
868 357 328
780 936 967
305 438 680
862 600 188
357 086 751
410 199 255
369 252 753
845 354 135
229 859 279
400 146 410
508 773 681
406 811 564
875 674 740
140 362 629
722 198 116
964 248 238
227 037 870
690 738 201
811 532 065
298 014 575
443 419 812
371 571 519
840 926 800
389 677 372
180 939 939
606 451 072
523 877 389
900 942 440
586 822 614
102 927 072
256 852 577
256 852 577
256 852 577
256 852 577
256 852 577
256 852 577
201 933 074
254 543 326
541 770 563
602 500 874
523 675 953
393 734 324
154 090 278
528 270 675
154 090 278
154 090 278
528 270 675
169 847 111
283 223 125
838 038 587
961 025 356
494 822 779
466 433 526
413 250 058
413 250 058
413 250 058
413 250 058
642 038 772
418 356 483
294 989 867
413 250 058
448 942 914
906 614 360
510 359 606
720 545 163
720 545 163
720 545 163
720 545 163
720 545 163
720 545 163
720 545 163
528 270 675
528 270 675
528 270 675
496 857 518
752 545 368
429 504 882
720 545 163
372 750 009
790 979 089
660 267 014
238 885 747
901 900 600
849 787 654
355 609 895
790 979 089
369 079 920
550 202 375
790 979 089
516 175 242
575 698 507
790 979 089
849 787 654
238 885 747
790 979 089
355 609 895
907 988 982
901 900 600
369 079 920
550 202 375
790 979 089
516 175 242
256 852 577
256 852 577
256 852 577
256 852 577
256 852 577
586 822 614
102 927 072
256 852 577
256 852 577
256 852 577
900 942 440
606 451 072
523 877 389
371 571 519
840 926 800
389 677 372
180 939 939
961 025 356
602 500 874
523 675 953
393 734 324
154 090 278
528 270 675
154 090 278
154 090 278
528 270 675
169 847 111
283 223 125
838 038 587
494 822 779
466 433 526
413 250 058
413 250 058
413 250 058
413 250 058
642 038 772
418 356 483
294 989 867
393 734 324
720 545 163
528 270 675
574 606 364
275 874 056
891 742 817
288 362 704
288 362 704
288 362 704
288 362 704
288 362 704
288 362 704
288 362 704
288 362 704
288 362 704
288 362 704
288 362 704
288 362 704
288 362 704
288 362 704
288 362 704
288 362 704
288 362 704
288 362 704
528 270 675
144 021 174
720 545 163
528 270 675
528 270 675
639 080 686
720 545 163
528 270 675
528 270 675
398 086 756
398 086 756
393 734 324
720 545 163
528 270 675
585 860 371
275 874 056
231 480 364
288 362 704
288 362 704
288 362 704
288 362 704
288 362 704
288 362 704
288 362 704
288 362 704
288 362 704
288 362 704
288 362 704
288 362 704
288 362 704
288 362 704
288 362 704
288 362 704
288 362 704
288 362 704
288 362 704
288 362 704
288 362 704
288 362 704
288 362 704
288 362 704
417 847 761
592 506 139
235 576 032
235 576 032
324 761 351
766 999 210
146 728 065
818 765 744
818 765 744
818 765 744
818 765 744
818 765 744
405 773 769
405 773 769
744 625 774
796 560 186
163 954 519
185 869 833
846 413 688
281 594 599
759 668 519
383 379 647
239 760 165
673 115 269
673 115 269
673 115 269
596 652 873
383 875 731
377 253 781
810 371 130
213 323 241
186 292 984
444 782 301
369 921 076
317 580 245
461 006 390
699 042 251
699 042 251
846 249 408
576 964 593
197 643 374
197 643 374
197 643 374
704 060 881
128 038 882
183 077 175
697 874 525
437 460 736
793 428 322
359 215 654
392 401 454
392 401 454
392 401 454
392 401 454
199 085 666
708 501 837
708 501 837
341 710 944
143 846 307
651 097 514
190 542 687
550 708 469
550 708 469
550 708 469
231 480 364
448 942 914
448 942 914
448 942 914
448 942 914
448 942 914
196 442 758
874 323 869
112 855 269
112 855 269
112 855 269
795 928 766
156 345 339
831 758 561
891 742 817
976 758 662
444 083 775
456 481 008
557 793 208
652 611 956
897 896 894
327 273 573
109 352 226
519 846 370
298 293 180
507 711 706
505 867 739
227 037 870
690 738 201
811 532 065
298 014 575
443 419 812
375 966 323
720 545 163
528 270 675
639 080 686
720 545 163
528 270 675
393 734 324
393 734 324
720 545 163
522 583 798
720 545 163
528 270 675
537 180 134
146 165 082
519 454 815
617 769 204
602 027 341
880 767 020
788 119 333
788 119 333
228 403 211
181 208 632
580 878 990
537 180 134
843 161 308
833 797 894
740 933 821
226 155 091
325 298 886
325 298 886
325 298 886
325 298 886
325 298 886
325 298 886
479 767 036
313 717 128
680 370 236
212 683 652
384 917 517
144 021 174
821 653 397
868 289 707
544 622 301
897 912 129
380 832 879
646 726 736
880 707 992
132 699 767
838 038 587
283 223 125
961 025 356
848 419 968
546 940 692
546 940 692
546 940 692
546 940 692
546 940 692
612 390 511
692 613 334
903 091 639
859 709 398
146 165 082
177 149 149
720 545 163
226 155 091
720 545 163
528 270 675
821 653 397
720 545 163
528 270 675
527 352 013
227 037 870
475 087 446
685 994 871
170 756 332
129 359 029
129 359 029
223 934 884
355 337 153
372 122 631
129 359 029
129 359 029
380 198 769
129 361 229
652 611 956
262 502 978
262 502 978
262 502 978
262 502 978
262 502 978
262 502 978
262 502 978
262 502 978
262 502 978
262 502 978
262 502 978
262 502 978
766 197 590
522 583 798
758 239 822
143 948 086
143 948 086
143 948 086
358 507 045
263 840 594
263 840 594
588 422 387
550 202 375
550 202 375
550 202 375
550 202 375
135 840 107
447 592 560
410 953 988
343 224 111
653 013 218
613 558 649
222 972 322
396 748 943
503 893 637
390 670 994
390 670 994
390 670 994
390 670 994
390 670 994
390 670 994
390 670 994
390 670 994
390 670 994
390 670 994
506 608 805
607 369 995
213 017 659
213 017 659
585 160 431
867 184 659
867 184 659
867 184 659
867 184 659
867 184 659
867 184 659
867 184 659
867 184 659
867 184 659
964 248 238
323 093 328
528 270 675
964 248 238
964 248 238
964 248 238
964 248 238
528 270 675
845 603 019
527 352 013
845 603 019
406 811 564
508 773 681
875 674 740
140 362 629
722 198 116
964 248 238
964 248 238
964 248 238
964 248 238
964 248 238
904 713 910
720 545 163
528 270 675
298 293 180
720 545 163
528 270 675
617 769 204
720 545 163
875 674 740
720 545 163
528 270 675
530 509 091
412 736 307
720 545 163
528 270 675
528 270 675
323 093 328
323 093 328
468 133 281
468 133 281
867 184 659
867 184 659
349 774 914
443 722 930
443 722 930
847 444 591
301 886 627
545 425 708
870 663 041
504 175 587
504 175 587
801 924 684
789 834 987
123 833 631
224 887 909
224 887 909
188 856 969
191 468 463
191 468 463
272 971 332
358 879 333
939 532 646
496 343 436
858 353 539
106 535 894
560 480 767
560 480 767
560 480 767
560 480 767
560 480 767
560 480 767
560 480 767
560 480 767
560 480 767
560 480 767
596 006 437
348 695 097
596 006 437
656 805 140
596 006 437
656 805 140
781 471 574
227 037 870
587 504 084
146 728 065
349 935 340
417 436 718
720 545 163
528 270 675
417 847 761
402 936 331
720 545 163
528 270 675
964 248 238
845 354 135
229 859 279
400 146 410
454 684 351
468 133 281
468 133 281
468 133 281
468 133 281
751 336 573
468 133 281
468 133 281
468 133 281
468 133 281
751 336 573
177 652 020
458 453 037
251 373 718
251 373 718
652 701 410
324 769 387
708 654 021
481 369 070
131 225 065
797 470 164
797 470 164
797 470 164
709 502 458
516 298 690
659 236 069
116 453 556
101 043 570
638 161 993
253 155 141
513 118 765
794 735 012
248 640 673
102 457 085
587 504 084
227 037 870
227 037 870
227 037 870
110 243 676
428 579 456
983 888 406
983 888 406
845 603 019
212 887 735
212 887 735
752 545 368
752 545 368
752 545 368
752 545 368
752 545 368
369 252 753
566 210 073
559 953 590
357 086 751
410 199 255
381 614 389
809 864 687
719 155 533
603 727 158
478 272 197
858 717 202
829 356 138
617 835 646
426 925 729
527 570 281
907 986 488
414 291 484
888 107 028
806 956 719
300 372 737
248 640 404
304 584 673
454 684 351
454 684 351
152 552 599
152 552 599
564 132 797
394 730 603
243 519 898
454 684 351
454 684 351
454 684 351
114 617 654
845 630 905
606 233 398
413 536 108
675 601 242
210 664 205
914 062 506
353 807 222
761 577 597
761 577 597
761 577 597
300 739 942
381 614 389
809 864 687
719 155 533
603 727 158
478 272 197
858 717 202
829 356 138
617 835 646
426 925 729
527 570 281
907 986 488
414 291 484
888 107 028
806 956 719
120 570 469
120 570 469
120 570 469
120 570 469
120 570 469
120 570 469
120 570 469
120 570 469
120 570 469
120 570 469
120 570 469
120 570 469
120 570 469
120 570 469
120 570 469
120 570 469
120 570 469
120 570 469
120 570 469
120 570 469
120 570 469
130 740 677
130 740 677
130 740 677
468 133 281
428 761 434
214 826 130
428 761 434
550 708 469
550 708 469
273 509 694
349 774 914
378 468 709
528 270 675
218 632 427
560 480 767
528 270 675
129 359 029
273 509 694
550 708 469
196 413 037
194 367 220
288 362 704
129 359 029
129 361 229
288 362 704
288 362 704
372 122 631
592 506 139
380 860 605
592 506 139
129 359 029
559 444 933
527 352 013
666 291 243
241 954 318
187 990 343
612 174 839
752 545 368
752 545 368
187 990 343
666 291 243
241 954 318
187 990 343
612 174 839
752 545 368
752 545 368
752 545 368
752 545 368
752 545 368
752 545 368
752 545 368
752 545 368
752 545 368
752 545 368
752 545 368
752 545 368
752 545 368
752 545 368
752 545 368
752 545 368
752 545 368
752 545 368
752 545 368
752 545 368
752 545 368
752 545 368
752 545 368
752 545 368
752 545 368
752 545 368
752 545 368
752 545 368
752 545 368
752 545 368
752 545 368
752 545 368
752 545 368
752 545 368
752 545 368
752 545 368
752 545 368
752 545 368
720 545 163
847 321 957
639 782 000
528 270 675
405 431 008
405 431 008
405 431 008
129 806 637
129 806 637
129 806 637
129 806 637
129 806 637
720 545 163
720 545 163
720 545 163
720 545 163
720 545 163
720 545 163
720 545 163
720 545 163
720 545 163
720 545 163
720 545 163
720 545 163
720 545 163
720 545 163
720 545 163
720 545 163
635 076 269
528 270 675
528 270 675
120 570 469
120 570 469
120 570 469
565 160 997
300 321 313
753 585 287
164 772 193
558 565 261
883 175 048
934 534 319
493 045 165
493 045 165
493 045 165
308 249 310
903 611 492
810 609 704
808 441 677
541 770 563
860 511 256
868 357 328
780 936 967
720 545 163
720 545 163
720 545 163
720 545 163
720 545 163
720 545 163
720 545 163
720 545 163
720 545 163
720 545 163
720 545 163
720 545 163
720 545 163
720 545 163
720 545 163
720 545 163
720 545 163
720 545 163
375 966 323
720 545 163
375 966 323
528 270 675
529 902 694
720 545 163
528 270 675
839 181 853
528 270 675
732 272 679
732 272 679
670 982 912
334 377 079
428 761 434
732 272 679
784 071 142
428 761 434
398 544 241
314 881 123
177 652 020
138 547 448
720 545 163
558 087 104
720 545 163
288 362 704
586 929 217
752 545 368
752 545 368
752 545 368
752 545 368
752 545 368
752 545 368
752 545 368
752 545 368
752 545 368
752 545 368
752 545 368
752 545 368
752 545 368
752 545 368
752 545 368
752 545 368
752 545 368
752 545 368
752 545 368
752 545 368
752 545 368
752 545 368
752 545 368
752 545 368
752 545 368
752 545 368
752 545 368
752 545 368
752 545 368
752 545 368
752 545 368
752 545 368
752 545 368
752 545 368
752 545 368
752 545 368
752 545 368
752 545 368
752 545 368
752 545 368
752 545 368
752 545 368
752 545 368
752 545 368
752 545 368
212 948 002
527 352 013
527 352 013
361 596 199
761 056 362
528 270 675
143 846 307
720 545 163
528 270 675
227 264 924
528 270 675
964 248 238
213 017 659
720 545 163
528 270 675
761 577 597
761 577 597
761 577 597
720 545 163
528 270 675
964 248 238
528 270 675
609 511 498
358 963 075
720 545 163
379 184 738
187 990 343
850 970 505
540 053 694
399 776 001
143 846 307
103 856 696
173 691 346
720 545 163
720 545 163
720 545 163
720 545 163
720 545 163
720 545 163
720 545 163
720 545 163
720 545 163
720 545 163
720 545 163
720 545 163
720 545 163
720 545 163
720 545 163
720 545 163
720 545 163
483 413 365
803 351 682
821 940 140
720 545 163
187 990 343
720 545 163
740 933 821
720 545 163
528 270 675
393 734 324
720 545 163
528 270 675
720 545 163
196 596 044
720 545 163
533 445 633
720 545 163
790 887 863
799 542 610
714 130 872
791 954 664
550 706 169
206 934 161
401 111 751
697 453 986
767 421 952
134 634 309
669 990 366
720 545 163
365 544 587
365 544 587
365 544 587
720 545 163
528 270 675
673 115 269
720 545 163
528 270 675
608 079 295
723 929 879
227 037 870
625 018 748
448 942 914
448 942 914
448 942 914
448 942 914
879 484 814
483 413 365
550 706 169
720 545 163
528 270 675
507 711 706
720 545 163
528 270 675
124 054 232
528 270 675
241 954 318
720 545 163
401 520 657
720 545 163
528 270 675
505 867 739
528 270 675
465 269 620
459 456 963
720 545 163
528 270 675
365 544 587
720 545 163
720 545 163
720 545 163
720 545 163
720 545 163
720 545 163
720 545 163
720 545 163
720 545 163
720 545 163
720 545 163
720 545 163
720 545 163
720 545 163
720 545 163
720 545 163
720 545 163
735 315 703
421 802 785
284 969 927
453 975 145
327 729 697
535 366 992
306 600 520
788 119 333
528 270 675
964 248 238
964 248 238
964 248 238
964 248 238
327 273 573
720 545 163
528 270 675
203 587 739
720 545 163
528 270 675
276 319 334
720 545 163
720 545 163
720 545 163
720 545 163
720 545 163
720 545 163
720 545 163
720 545 163
720 545 163
720 545 163
720 545 163
720 545 163
720 545 163
720 545 163
720 545 163
720 545 163
720 545 163
720 545 163
752 545 368
752 545 368
752 545 368
752 545 368
752 545 368
752 545 368
752 545 368
752 545 368
752 545 368
752 545 368
752 545 368
752 545 368
752 545 368
752 545 368
752 545 368
752 545 368
752 545 368
752 545 368
752 545 368
752 545 368
752 545 368
752 545 368
752 545 368
752 545 368
752 545 368
752 545 368
752 545 368
752 545 368
752 545 368
752 545 368
752 545 368
752 545 368
752 545 368
752 545 368
752 545 368
752 545 368
752 545 368
752 545 368
752 545 368
752 545 368
341 431 034
493 038 585
122 675 017
703 727 284
622 971 247
595 591 624
528 270 675
752 545 368
752 545 368
752 545 368
752 545 368
752 545 368
752 545 368
752 545 368
365 544 587
720 545 163
528 270 675
443 722 930
443 722 930
720 545 163
528 270 675
943 312 075
720 545 163
943 312 075
720 545 163
528 270 675
480 511 160
478 358 616
251 979 999
528 270 675
513 449 751
528 270 675
268 239 525
861 177 949
315 476 711
222 329 715
720 545 163
528 270 675
798 587 090
720 545 163
528 270 675
720 545 163
528 270 675
226 796 096
842 791 608
204 339 568
720 545 163
528 270 675
228 403 211
528 270 675
213 017 659
720 545 163
429 504 882
720 545 163
528 270 675
365 544 587
528 270 675
528 270 675
528 270 675
527 352 013
527 352 013
527 352 013
527 352 013
527 352 013
527 352 013
527 352 013
527 352 013
527 352 013
527 352 013
527 352 013
527 352 013
527 352 013
527 352 013
527 352 013
527 352 013
890 637 743
890 637 743
890 637 743
890 637 743
845 603 019
845 603 019
845 603 019
845 603 019
845 603 019
845 603 019
845 603 019
845 603 019
845 603 019
845 603 019
845 603 019
845 603 019
845 603 019
845 603 019
845 603 019
212 887 735
212 887 735
206 594 618
718 622 575
472 158 762
837 737 650
494 189 488
821 940 140
323 093 328
323 093 328
528 270 675
271 614 724
336 076 026
787 665 723
400 581 555
720 545 163
528 270 675
227 748 667
720 545 163
349 022 801
720 545 163
556 662 143
720 545 163
528 270 675
249 721 227
853 208 291
847 503 118
548 284 645
700 354 169
288 362 704
912 094 388
839 353 272
312 980 365
611 825 108
532 716 760
409 284 519
865 848 274
557 269 043
865 244 232
564 407 203
346 341 571
324 354 559
324 354 559
180 126 298
373 769 096
359 215 654
532 609 203
143 846 307
679 999 623
840 926 800
134 634 309
394 492 018
180 939 939
502 659 240
634 507 841
406 811 564
151 878 089
596 508 361
105 556 460
906 607 242
811 532 065
783 273 966
881 157 195
102 927 072
668 586 270
631 673 082
236 733 097
357 086 751
652 611 956
262 502 978
432 957 543
298 014 575
485 341 267
808 441 677
870 696 373
683 834 197
275 670 740
248 346 420
200 278 126
629 325 098
624 379 367
117 388 403
223 392 983
571 531 075
227 037 870
507 238 142
430 590 962
140 786 778
485 114 342
620 682 801
191 136 901
191 136 901
834 822 543
739 741 494
358 879 333
466 906 546
368 451 066
369 252 753
492 074 111
501 643 827
455 872 132
879 161 919
809 378 937
885 633 431
810 609 704
571 531 075
227 037 870
507 238 142
430 590 962
140 786 778
173 691 346
364 145 623
560 228 450
629 098 764
780 936 967
903 611 492
180 452 337
904 013 018
550 706 169
540 053 694
586 822 614
690 738 201
425 345 187
450 027 636
384 978 574
443 419 812
358 323 156
964 248 238
606 451 072
833 521 552
605 766 945
161 337 943
667 857 393
291 383 837
842 547 341
738 047 509
183 560 677
363 229 106
429 261 538
305 438 680
188 670 616
626 065 364
635 876 962
188 015 523
274 236 118
850 970 505
103 856 696
229 859 279
400 146 410
868 357 328
300 398 726
508 773 681
614 686 906
462 548 413
522 159 591
180 339 075
461 030 843
571 066 089
385 672 580
140 362 629
698 092 915
739 529 810
696 548 337
468 624 170
793 108 414
187 990 343
845 354 135
248 298 885
379 184 738
722 198 116
900 942 440
881 452 471
634 507 841
556 987 380
673 692 031
788 112 339
747 320 466
682 371 966
720 545 163
673 115 269
138 552 585
720 545 163
528 270 675
720 672 517
435 436 437
189 470 362
720 545 163
964 248 238
964 248 238
964 248 238
964 248 238
964 248 238
429 504 882
528 270 675
109 352 226
720 545 163
153 708 884
720 545 163
377 253 781
720 545 163
528 270 675
964 248 238
917 379 996
264 002 915
720 545 163
720 545 163
720 545 163
720 545 163
720 545 163
720 545 163
720 545 163
720 545 163
720 545 163
720 545 163
720 545 163
720 545 163
720 545 163
720 545 163
720 545 163
720 545 163
720 545 163
720 545 163
528 270 675
752 545 368
752 545 368
374 733 000
528 270 675
782 325 951
720 545 163
528 270 675
528 270 675
756 694 087
619 537 216
582 100 984
528 270 675
242 784 037
528 270 675
619 537 216
720 545 163
528 270 675
943 312 075
720 545 163
196 596 044
720 545 163
619 537 216
324 354 559
614 686 906
228 626 330
783 273 966
720 545 163
556 662 143
720 545 163
528 270 675
365 544 587
365 544 587
720 545 163
196 596 044
720 545 163
528 270 675
528 270 675
855 429 431
528 270 675
300 739 942
528 270 675
673 115 269
720 545 163
528 270 675
528 270 675
528 270 675
618 199 526
720 545 163
183 077 175
720 545 163
359 215 654
720 545 163
528 270 675
510 359 606
571 127 074
116 678 060
860 601 971
303 572 924
418 006 855
528 270 675
332 308 863
720 545 163
528 270 675
836 723 761
720 545 163
528 270 675
601 629 679
242 161 870
256 149 051
914 450 437
848 590 193
418 983 097
218 983 797
636 138 970
697 548 891
636 138 970
129 806 637
405 431 008
405 431 008
405 431 008
235 265 831
173 518 815
173 518 815
577 585 637
777 596 975
735 786 603
571 024 319
496 522 056
454 940 807
237 016 733
657 436 484
745 371 497
745 371 497
909 715 734
141 275 452
885 046 310
141 275 452
145 457 524
228 832 206
228 832 206
228 832 206
134 774 885
552 902 357
414 310 605
376 946 374
608 079 295
483 413 365
483 413 365
803 351 682
906 614 360
839 181 853
103 612 787
574 606 364
746 131 071
602 692 663
505 805 978
154 090 278
154 090 278
154 090 278
400 799 115
774 417 297
619 537 216
442 975 982
425 345 187
359 215 654
528 270 675
528 270 675
528 270 675
528 270 675
528 270 675
528 270 675
528 270 675
528 270 675
528 270 675
528 270 675
528 270 675
528 270 675
528 270 675
528 270 675
528 270 675
528 270 675
528 270 675
528 270 675
528 270 675
528 270 675
528 270 675
528 270 675
528 270 675
528 270 675
528 270 675
528 270 675
528 270 675
528 270 675
528 270 675
528 270 675
528 270 675
528 270 675
528 270 675
528 270 675
528 270 675
528 270 675
528 270 675
374 733 000
703 727 284
845 603 019
845 603 019
528 270 675
845 603 019
752 545 368
576 964 593
528 270 675
752 545 368
619 537 216
720 545 163
528 270 675
161 691 767
403 289 040
921 189 371
629 325 098
386 974 447
114 627 191
647 417 231
720 545 163
610 433 645
720 545 163
610 433 645
720 545 163
528 270 675
647 417 231
720 545 163
269 106 602
720 545 163
281 594 599
720 545 163
528 270 675
528 270 675
788 119 333
544 622 301
689 371 701
544 622 301
496 857 518
528 270 675
752 545 368
752 545 368
752 545 368
752 545 368
752 545 368
845 603 019
752 545 368
752 545 368
752 545 368
752 545 368
903 912 485
528 270 675
528 270 675
528 270 675
528 270 675
528 270 675
528 270 675
528 270 675
528 270 675
528 270 675
528 270 675
528 270 675
528 270 675
528 270 675
528 270 675
528 270 675
528 270 675
528 270 675
528 270 675
528 270 675
528 270 675
528 270 675
528 270 675
528 270 675
528 270 675
528 270 675
528 270 675
528 270 675
528 270 675
528 270 675
528 270 675
528 270 675
528 270 675
528 270 675
528 270 675
528 270 675
528 270 675
528 270 675
528 270 675
528 270 675
528 270 675
528 270 675
297 211 860
852 386 797
228 832 206
228 832 206
228 832 206
796 560 186
552 902 357
840 256 361
141 275 452
617 837 856
141 275 452
564 331 188
301 886 627
602 567 137
720 545 163
528 270 675
528 270 675
528 270 675
752 545 368
384 640 622
528 270 675
494 189 488
689 371 701
494 189 488
496 857 518
496 857 518
496 857 518
496 857 518
634 716 593
402 523 714
252 714 966
276 833 335
610 654 222
528 270 675
528 270 675
528 270 675
528 270 675
528 270 675
528 270 675
528 270 675
528 270 675
528 270 675
528 270 675
528 270 675
528 270 675
528 270 675
528 270 675
528 270 675
528 270 675
528 270 675
528 270 675
528 270 675
528 270 675
528 270 675
528 270 675
528 270 675
528 270 675
528 270 675
528 270 675
528 270 675
528 270 675
528 270 675
528 270 675
748 740 304
496 343 436
528 270 675
836 610 138
528 270 675
371 340 504
393 734 324
720 545 163
393 734 324
528 270 675
371 340 504
371 340 504
371 340 504
371 340 504
371 340 504
371 340 504
371 340 504
461 006 390
528 270 675
528 270 675
576 547 110
426 778 275
561 212 557
638 161 993
116 453 556
464 188 979
203 877 812
380 103 098
741 157 944
343 754 801
628 423 820
821 383 102
197 643 374
197 643 374
110 243 676
197 643 374
528 270 675
528 270 675
809 864 687
821 383 102
381 614 389
528 270 675
592 689 059
393 735 164
825 519 794
110 638 609
257 621 853
810 134 477
377 533 195
143 948 086
419 077 667
720 545 163
528 270 675
742 215 694
278 118 776
379 874 025
427 493 174
394 607 196
612 174 839
720 545 163
801 924 684
720 545 163
324 761 351
506 608 805
607 369 995
190 542 687
720 545 163
528 270 675
760 920 962
770 739 823
342 860 819
373 626 331
373 626 331
651 097 514
720 545 163
528 270 675
288 362 704
288 362 704
396 356 089
431 064 561
430 257 659
528 270 675
625 706 385
872 812 151
889 141 806
152 483 586
870 663 041
720 545 163
528 270 675
288 362 704
720 545 163
868 289 707
616 473 007
720 545 163
720 545 163
720 545 163
720 545 163
720 545 163
720 545 163
720 545 163
720 545 163
720 545 163
720 545 163
720 545 163
720 545 163
720 545 163
720 545 163
720 545 163
720 545 163
720 545 163
720 545 163
720 545 163
698 092 915
501 643 827
819 384 796
400 518 633
528 270 675
528 270 675
528 270 675
528 270 675
251 979 999
736 253 955
261 159 100
697 833 035
135 002 555
831 228 671
380 860 605
592 506 139
643 852 847
651 730 458
275 874 056
275 874 056
585 860 371
881 608 704
193 696 219
689 371 701
544 622 301
689 371 701
494 189 488
496 857 518
496 857 518
496 857 518
496 857 518
496 857 518
528 270 675
528 270 675
528 270 675
528 270 675
528 270 675
720 545 163
444 083 775
387 631 800
382 970 305
481 604 719
528 270 675
336 313 443
720 545 163
528 270 675
132 699 767
209 796 639
652 611 956
557 793 208
652 611 956
127 584 077
102 150 806
235 375 362
346 341 571
628 427 023
696 548 337
865 244 232
667 574 565
881 157 195
117 388 403
652 611 956
346 341 571
720 545 163
586 010 276
720 545 163
182 770 097
168 421 104
761 565 809
264 634 697
505 867 739
867 184 659
596 006 437
104 715 175
675 047 613
275 807 713
964 248 238
556 499 101
371 340 504
459 373 806
752 545 368
527 352 013
527 352 013
323 093 328
528 270 675
528 270 675
528 270 675
528 270 675
528 270 675
528 270 675
528 270 675
528 270 675
528 270 675
682 777 707
903 912 485
528 270 675
720 545 163
720 545 163
720 545 163
720 545 163
375 966 323
345 799 421
720 545 163
720 545 163
720 545 163
720 545 163
720 545 163
720 545 163
720 545 163
720 545 163
720 545 163
720 545 163
538 288 786
766 999 210
134 721 344
818 765 744
720 545 163
528 270 675
262 502 978
262 502 978
262 502 978
262 502 978
375 966 323
316 910 482
843 161 308
603 727 158
719 155 533
720 545 163
262 502 978
375 966 323
720 545 163
528 270 675
459 373 806
739 529 810
560 228 450
629 098 764
593 819 721
432 957 543
683 834 197
262 502 978
660 267 014
383 379 647
438 627 401
390 670 994
390 670 994
375 966 323
720 545 163
528 270 675
528 270 675
222 972 322
702 790 353
396 748 943
653 013 218
288 362 704
829 356 138
858 717 202
787 057 209
294 224 014
793 878 402
818 765 744
818 765 744
818 765 744
818 765 744
528 270 675
528 270 675
528 270 675
528 270 675
528 270 675
528 270 675
528 270 675
528 270 675
528 270 675
528 270 675
528 270 675
528 270 675
528 270 675
528 270 675
528 270 675
528 270 675
528 270 675
528 270 675
528 270 675
528 270 675
528 270 675
528 270 675
528 270 675
528 270 675
528 270 675
528 270 675
528 270 675
528 270 675
528 270 675
528 270 675
528 270 675
528 270 675
528 270 675
528 270 675
528 270 675
528 270 675
528 270 675
528 270 675
528 270 675
528 270 675
528 270 675
528 270 675
528 270 675
528 270 675
528 270 675
528 270 675
528 270 675
528 270 675
528 270 675
528 270 675
528 270 675
528 270 675
528 270 675
528 270 675
528 270 675
528 270 675
528 270 675
528 270 675
528 270 675
528 270 675
528 270 675
528 270 675
528 270 675
528 270 675
528 270 675
528 270 675
528 270 675
528 270 675
528 270 675
528 270 675
528 270 675
720 545 163
224 887 909
224 887 909
720 545 163
528 270 675
239 046 030
720 545 163
239 046 030
365 544 587
720 545 163
262 502 978
262 502 978
720 545 163
528 270 675
528 270 675
528 270 675
390 670 994
239 046 030
528 270 675
652 418 285
438 627 401
462 548 413
917 773 755
764 153 101
563 952 765
507 238 142
528 270 675
708 501 837
703 057 108
527 570 281
146 165 082
390 670 994
371 857 714
720 545 163
375 966 323
316 910 482
375 966 323
316 910 482
375 966 323
316 910 482
225 284 911
720 545 163
225 284 911
864 062 812
720 545 163
528 270 675
422 155 001
167 190 525
224 887 909
101 889 342
450 926 546
720 545 163
528 270 675
440 957 994
720 545 163
262 502 978
262 502 978
720 545 163
528 270 675
528 270 675
390 670 994
390 670 994
390 670 994
390 670 994
128 438 194
720 545 163
528 270 675
160 193 301
720 545 163
528 270 675
276 144 328
493 660 844
870 696 373
275 670 740
649 673 073
754 666 154
264 634 697
528 270 675
135 002 555
261 159 100
697 833 035
790 979 089
188 876 528
225 882 617
702 410 871
808 129 651
255 264 432
595 167 295
228 694 729
672 415 399
259 145 280
407 015 395
720 545 163
528 270 675
528 270 675
817 448 669
466 910 945
720 545 163
528 270 675
502 659 240
853 491 937
626 065 364
843 865 600
512 304 975
550 304 496
196 596 044
153 107 437
794 811 192
650 664 277
790 979 089
325 298 886
720 545 163
528 270 675
196 596 044
720 545 163
816 033 728
720 545 163
897 912 129
720 545 163
528 270 675
383 875 731
871 868 254
871 868 254
188 876 528
871 868 254
720 545 163
720 545 163
720 545 163
720 545 163
720 545 163
720 545 163
720 545 163
720 545 163
720 545 163
720 545 163
720 545 163
720 545 163
720 545 163
720 545 163
720 545 163
720 545 163
720 545 163
917 379 896
532 609 203
324 354 559
790 979 089
390 670 994
390 670 994
962 609 974
917 379 896
917 379 896
325 298 886
720 545 163
325 298 886
325 298 886
720 545 163
325 298 886
325 298 886
720 545 163
325 298 886
199 085 666
720 545 163
325 298 886
720 545 163
325 298 886
720 545 163
325 298 886
528 270 675
871 868 254
386 375 636
763 892 999
256 852 577
256 852 577
256 852 577
256 852 577
256 852 577
256 852 577
256 852 577
256 852 577
917 773 755
686 897 429
203 874 576
295 828 635
295 828 635
159 840 779
848 590 193
327 729 697
187 092 082
664 274 325
396 356 089
567 571 941
383 549 775
619 537 216
410 199 255
619 537 216
875 022 558
271 023 854
476 242 860
228 626 330
512 304 975
563 952 765
371 571 519
860 511 256
906 821 620
493 660 844
309 039 598
386 375 636
763 892 999
256 852 577
256 852 577
256 852 577
256 852 577
256 852 577
256 852 577
256 852 577
256 852 577
917 773 755
686 897 429
917 379 896
834 345 294
387 213 857
690 465 643
324 565 477
991 347 733
421 141 813
404 278 483
399 776 001
682 245 114
695 125 109
866 818 850
580 420 601
664 797 508
285 875 601
149 729 643
909 619 317
742 215 694
572 331 485
673 692 031
669 990 366
799 293 923
389 677 372
830 590 721
523 877 389
476 720 578
147 760 450
153 219 053
519 173 471
887 051 882
720 545 163
881 608 704
840 770 961
720 545 163
528 270 675
550 202 375
384 917 517
720 545 163
846 413 688
414 310 605
720 545 163
332 401 709
720 545 163
528 270 675
858 353 539
720 545 163
720 545 163
528 270 675
105 556 460
455 872 132
492 074 111
385 672 580
906 607 242
763 892 999
240 719 147
418 404 673
692 691 370
147 760 450
371 857 714
647 417 231
647 417 231
659 912 834
646 434 284
426 663 392
153 107 437
556 662 143
556 662 143
816 033 728
556 755 927
875 163 240
676 419 346
188 876 528
188 876 528
871 868 254
871 868 254
871 868 254
871 868 254
889 141 806
305 990 771
228 694 729
780 252 301
808 129 651
274 329 328
799 053 358
240 719 147
864 062 812
344 701 085
122 675 017
493 038 585
703 727 284
703 727 284
374 733 000
374 733 000
709 983 626
172 454 824
440 957 994
440 957 994
435 866 715
747 908 283
422 220 847
377 533 195
177 149 149
341 431 034
341 431 034
243 717 294
875 674 740
817 825 463
527 352 013
527 352 013
527 352 013
527 352 013
527 352 013
527 352 013
527 352 013
527 352 013
527 352 013
527 352 013
527 352 013
527 352 013
527 352 013
527 352 013
527 352 013
527 352 013
527 352 013
527 352 013
527 352 013
527 352 013
527 352 013
527 352 013
527 352 013
527 352 013
527 352 013
527 352 013
527 352 013
527 352 013
527 352 013
527 352 013
527 352 013
527 352 013
527 352 013
527 352 013
527 352 013
527 352 013
527 352 013
527 352 013
527 352 013
527 352 013
527 352 013
527 352 013
619 537 216
619 537 216
428 761 434
732 272 679
619 537 216
619 537 216
619 537 216
619 537 216
605 562 285
619 537 216
911 507 012
622 391 654
234 853 160
428 761 434
428 761 434
428 761 434
428 761 434
732 272 679
732 272 679
732 272 679
732 272 679
273 509 694
273 509 694
619 537 216
619 537 216
619 537 216
619 537 216
619 537 216
619 537 216
619 537 216
684 876 802
684 876 802
684 876 802
684 876 802
713 566 636
902 288 429
290 218 876
836 723 761
723 551 664
259 145 280
407 015 395
182 770 097
239 046 030
239 046 030
239 046 030
375 966 323
375 966 323
375 966 323
375 966 323
375 966 323
375 966 323
375 966 323
375 966 323
528 270 675
550 202 375
274 236 118
212 683 652
720 545 163
550 202 375
263 840 594
305 990 771
358 823 961
720 545 163
528 270 675
577 585 637
173 518 815
280 054 689
797 470 164
797 470 164
797 470 164
494 472 018
682 777 707
519 454 815
720 545 163
528 270 675
143 948 086
251 373 718
251 373 718
249 322 492
611 825 108
476 242 860
387 213 857
468 624 170
865 848 274
383 549 775
274 236 118
666 291 243
387 213 857
720 545 163
528 270 675
133 796 762
239 760 165
720 545 163
528 270 675
382 388 895
123 078 470
845 355 824
550 202 375
605 562 285
720 545 163
528 270 675
528 270 675
720 545 163
720 545 163
720 545 163
720 545 163
224 887 909
528 270 675
528 270 675
528 270 675
528 270 675
528 270 675
528 270 675
528 270 675
528 270 675
528 270 675
528 270 675
528 270 675
528 270 675
720 545 163
704 060 881
720 545 163
325 298 886
720 545 163
325 298 886
720 545 163
325 298 886
720 545 163
325 298 886
720 545 163
262 502 978
720 545 163
224 887 909
720 545 163
393 734 324
720 545 163
365 544 587
528 270 675
393 734 324
393 734 324
720 545 163
528 270 675
735 786 603
528 270 675
262 502 978
262 502 978
262 502 978
720 545 163
262 502 978
528 270 675
206 594 618
528 270 675
405 773 769
247 538 106
720 545 163
902 288 429
720 545 163
839 353 272
991 347 733
368 451 066
371 455 278
909 619 317
720 545 163
393 734 324
265 208 364
720 545 163
528 270 675
528 270 675
528 270 675
106 535 894
745 371 497
720 545 163
528 270 675
528 270 675
837 144 926
288 362 704
709 983 626
401 520 657
720 545 163
528 270 675
239 046 030
720 545 163
528 270 675
528 270 675
528 270 675
528 270 675
341 431 034
334 354 146
235 576 032
686 897 429
528 270 675
235 576 032
720 545 163
528 270 675
528 270 675
917 380 596
720 545 163
708 600 864
720 545 163
720 545 163
720 545 163
720 545 163
720 545 163
720 545 163
720 545 163
720 545 163
720 545 163
720 545 163
720 545 163
720 545 163
720 545 163
720 545 163
720 545 163
879 161 919
906 821 620
596 508 361
140 786 778
686 897 429
720 545 163
375 966 323
720 545 163
172 454 824
720 545 163
528 270 675
440 957 994
720 545 163
479 767 036
720 545 163
720 545 163
709 502 458
720 545 163
956 219 501
720 545 163
269 323 711
720 545 163
528 270 675
528 270 675
103 390 167
720 545 163
528 270 675
244 115 840
720 545 163
528 270 675
375 966 323
720 545 163
720 545 163
720 545 163
720 545 163
720 545 163
720 545 163
720 545 163
720 545 163
720 545 163
720 545 163
720 545 163
720 545 163
720 545 163
720 545 163
720 545 163
720 545 163
373 769 096
571 066 089
799 293 923
624 379 367
409 284 519
223 392 983
688 265 331
314 881 123
398 544 241
244 115 840
817 448 669
832 140 859
854 308 241
373 626 331
373 626 331
332 401 709
413 250 058
413 250 058
413 250 058
413 250 058
558 087 104
160 193 301
279 995 022
860 601 971
196 632 583
375 966 323
225 284 911
316 910 482
316 910 482
316 910 482
316 910 482
398 086 756
398 086 756
688 265 331
314 881 123
398 544 241
244 115 840
817 448 669
832 140 859
854 308 241
373 626 331
373 626 331
332 401 709
413 250 058
413 250 058
413 250 058
413 250 058
558 087 104
160 193 301
279 995 022
860 601 971
510 359 606
338 710 693
382 570 002
571 127 074
686 897 429
421 975 136
306 162 960
917 379 896
917 379 896
917 379 896
917 379 896
621 280 701
387 213 857
720 545 163
528 270 675
429 504 882
528 270 675
759 668 519
720 545 163
528 270 675
890 637 743
890 637 743
845 603 019
845 603 019
845 603 019
845 603 019
752 545 368
752 545 368
752 545 368
964 248 238
528 270 675
528 270 675
528 270 675
123 833 631
790 979 089
821 383 102
790 979 089
790 979 089
790 979 089
790 979 089
790 979 089
720 545 163
528 270 675
393 734 324
720 545 163
528 270 675
271 181 696
528 270 675
196 596 044
528 270 675
964 248 238
964 248 238
964 248 238
407 528 824
528 270 675
964 248 238
429 504 882
720 545 163
528 270 675
393 734 324
528 270 675
504 175 587
504 175 587
752 545 368
752 545 368
752 545 368
752 545 368
752 545 368
752 545 368
752 545 368
752 545 368
545 425 708
528 270 675
964 248 238
777 596 975
720 545 163
192 922 042
720 545 163
413 004 562
720 545 163
528 270 675
413 004 562
720 545 163
528 270 675
528 270 675
502 754 405
720 545 163
191 468 463
903 091 639
191 468 463
402 421 702
720 545 163
528 270 675
263 840 594
704 060 881
720 545 163
704 060 881
528 270 675
528 270 675
288 362 704
313 717 128
720 545 163
528 270 675
890 637 743
845 603 019
845 603 019
845 603 019
890 637 743
212 948 002
845 603 019
752 545 368
324 565 477
293 942 770
161 337 943
186 352 124
605 766 945
667 857 393
236 733 097
315 414 413
983 888 406
720 545 163
528 270 675
528 270 675
297 731 340
720 545 163
635 218 088
720 545 163
449 204 867
720 545 163
273 183 718
720 545 163
231 957 151
720 545 163
528 270 675
758 112 926
790 979 089
528 270 675
528 270 675
528 270 675
720 545 163
720 545 163
720 545 163
720 545 163
720 545 163
720 545 163
720 545 163
720 545 163
720 545 163
720 545 163
720 545 163
720 545 163
720 545 163
720 545 163
668 870 446
186 161 231
964 248 238
964 248 238
964 248 238
213 059 667
213 059 667
213 059 667
213 059 667
983 888 406
438 627 401
528 270 675
151 599 641
151 599 641
492 260 111
720 545 163
745 371 497
720 545 163
528 270 675
528 270 675
128 038 882
528 270 675
180 452 337
358 879 333
664 274 325
785 861 169
866 818 850
662 680 611
720 545 163
528 270 675
528 270 675
358 879 333
720 545 163
182 770 097
720 545 163
182 770 097
393 734 324
720 545 163
528 270 675
528 270 675
286 861 867
528 270 675
762 551 891
883 254 249
110 582 100
180 020 627
652 154 509
248 346 420
271 023 854
149 729 643
430 590 962
867 184 659
867 184 659
867 184 659
867 184 659
528 270 675
867 184 659
720 545 163
713 566 636
720 545 163
528 270 675
528 270 675
235 265 831
720 545 163
528 270 675
914 062 506
210 664 205
720 545 163
528 270 675
275 807 713
720 545 163
732 767 017
737 365 683
365 544 587
278 403 217
371 340 504
371 340 504
371 340 504
371 340 504
371 340 504
371 340 504
274 236 118
227 264 924
601 629 679
192 922 042
489 851 843
811 815 693
811 814 093
445 692 088
845 345 119
691 945 233
868 849 232
691 946 833
124 548 084
455 671 598
185 117 905
399 119 229
148 183 670
225 655 058
402 936 331
655 103 916
864 369 518
138 552 585
782 325 951
904 713 910
418 006 855
332 308 863
103 390 167
128 438 194
836 610 138
365 544 587
365 544 587
365 544 587
365 544 587
365 544 587
365 544 587
365 544 587
365 544 587
249 609 905
651 183 422
776 141 329
413 004 562
413 004 562
437 933 210
102 139 184
496 806 373
249 322 492
682 967 831
809 679 656
684 932 478
438 627 401
438 627 401
438 627 401
438 627 401
867 184 659
132 292 154
528 270 675
867 184 659
338 710 693
533 836 872
684 876 802
684 876 802
684 876 802
684 876 802
720 545 163
138 989 621
720 545 163
528 270 675
528 270 675
720 545 163
528 270 675
240 719 147
528 270 675
867 184 659
867 184 659
240 719 147
809 378 937
631 673 082
738 047 509
875 022 558
720 545 163
528 270 675
147 760 450
528 270 675
392 401 454
392 401 454
392 401 454
392 401 454
720 545 163
516 298 690
720 545 163
528 270 675
528 270 675
964 248 238
528 270 675
438 627 401
917 379 896
917 379 896
859 709 398
234 637 066
867 184 659
867 184 659
867 184 659
120 570 469
130 740 677
275 807 713
503 010 888
799 047 133
378 380 005
625 018 748
550 706 169
561 096 565
964 248 238
964 248 238
964 248 238
964 248 238
393 734 324
964 248 238
964 248 238
964 248 238
964 248 238
964 248 238
964 248 238
964 248 238
964 248 238
964 248 238
964 248 238
964 248 238
964 248 238
964 248 238
964 248 238
964 248 238
964 248 238
964 248 238
964 248 238
964 248 238
964 248 238
964 248 238
964 248 238
964 248 238
964 248 238
269 323 711
541 053 342
943 312 075
943 312 075
943 312 075
393 734 324
393 734 324
393 734 324
393 734 324
393 734 324
393 734 324
393 734 324
393 734 324
393 734 324
393 734 324
393 734 324
393 734 324
393 734 324
580 420 601
842 547 341
567 571 941
461 030 843
476 720 578
147 760 450
130 740 677
843 064 112
516 633 734
530 191 240
120 570 469
120 570 469
720 545 163
528 270 675
565 165 008
446 646 059
212 761 349
528 270 675
528 270 675
498 243 567
720 545 163
528 270 675
528 270 675
776 141 329
720 545 163
400 799 115
120 570 469
104 715 175
596 006 437
104 715 175
348 695 097
920 207 370
717 289 763
348 695 097
596 006 437
348 695 097
560 480 767
560 480 767
468 133 281
528 270 675
120 570 469
120 570 469
120 570 469
120 570 469
120 570 469
560 480 767
151 878 089
834 345 294
830 590 721
485 341 267
429 261 538
560 480 767
528 270 675
528 270 675
528 270 675
560 480 767
560 480 767
120 570 469
120 570 469
120 570 469
120 570 469
390 670 994
468 133 281
120 570 469
120 570 469
656 805 140
596 006 437
656 805 140
656 805 140
656 805 140
596 006 437
656 805 140
273 961 255
141 651 600
189 470 362
529 902 694
459 456 963
435 436 437
720 672 517
804 972 560
519 303 780
145 813 049
648 536 428
616 473 007
920 207 370
348 695 097
348 695 097
717 289 763
132 292 154
203 877 812
683 243 465
114 474 457
265 549 323
752 814 662
238 306 367
656 805 140
656 805 140
656 805 140
639 782 000
847 321 957
308 249 310
493 045 165
493 045 165
493 045 165
934 534 319
555 458 910
269 106 602
426 279 487
412 087 394
161 691 767
371 340 504
720 545 163
720 545 163
720 545 163
720 545 163
720 545 163
720 545 163
720 545 163
720 545 163
720 545 163
720 545 163
720 545 163
720 545 163
748 740 304
748 740 304
265 647 603
286 861 867
587 077 702
446 646 059
610 433 645
610 433 645
271 823 188
527 352 013
527 352 013
527 352 013
527 352 013
527 352 013
527 352 013
527 352 013
527 352 013
527 352 013
527 352 013
527 352 013
560 480 767
237 016 733
120 570 469
120 570 469
560 480 767
120 570 469
130 740 677
560 480 767
120 570 469
130 740 677
468 133 281
720 545 163
528 270 675
528 270 675
528 270 675
528 270 675
528 270 675
528 270 675
528 270 675
528 270 675
528 270 675
528 270 675
528 270 675
528 270 675
528 270 675
528 270 675
528 270 675
528 270 675
528 270 675
528 270 675
528 270 675
528 270 675
528 270 675
528 270 675
528 270 675
528 270 675
528 270 675
528 270 675
528 270 675
528 270 675
528 270 675
528 270 675
528 270 675
528 270 675
528 270 675
528 270 675
528 270 675
528 270 675
528 270 675
528 270 675
528 270 675
528 270 675
527 352 013
527 352 013
527 352 013
527 352 013
527 352 013
527 352 013
527 352 013
527 352 013
527 352 013
527 352 013
527 352 013
527 352 013
527 352 013
527 352 013
527 352 013
527 352 013
527 352 013
527 352 013
527 352 013
527 352 013
527 352 013
527 352 013
527 352 013
527 352 013
527 352 013
527 352 013
527 352 013
621 280 701
720 545 163
699 042 251
746 131 071
720 545 163
746 131 071
758 239 822
528 270 675
528 270 675
527 352 013
527 352 013
527 352 013
527 352 013
527 352 013
527 352 013
527 352 013
527 352 013
527 352 013
527 352 013
527 352 013
527 352 013
527 352 013
527 352 013
527 352 013
528 270 675
528 270 675
528 270 675
528 270 675
528 270 675
528 270 675
528 270 675
528 270 675
528 270 675
528 270 675
528 270 675
528 270 675
528 270 675
528 270 675
528 270 675
528 270 675
528 270 675
528 270 675
528 270 675
528 270 675
720 545 163
720 545 163
720 545 163
720 545 163
720 545 163
720 545 163
720 545 163
720 545 163
528 270 675
720 545 163
528 270 675
528 270 675
790 979 089
790 979 089
196 596 044
720 545 163
528 270 675
336 965 126
570 558 619
833 797 894
290 218 876
751 336 573
774 163 462
191 468 463
790 979 089
699 042 251
720 545 163
720 545 163
239 046 030
720 545 163
375 966 323
720 545 163
225 284 911
720 545 163
746 131 071
720 545 163
720 545 163
720 545 163
720 545 163
720 545 163
720 545 163
720 545 163
720 545 163
394 492 018
285 875 601
518 807 282
309 039 598
450 027 636
570 491 350
720 545 163
911 142 375
720 545 163
854 308 241
528 270 675
748 740 304
528 270 675
278 403 217
720 545 163
112 855 269
196 596 044
720 545 163
795 928 766
720 545 163
528 270 675
874 323 869
559 343 712
596 652 873
528 270 675
528 270 675
528 270 675
732 211 506
569 733 281
636 138 970
709 400 526
720 545 163
663 570 556
720 545 163
528 270 675
853 491 937
819 384 796
843 865 600
240 719 147
764 153 101
801 212 125
371 455 278
276 144 328
886 884 881
186 352 124
293 942 770
541 877 357
400 518 633
875 674 740
292 766 899
774 417 297
834 822 543
191 136 901
191 136 901
739 741 494
700 354 169
886 884 881
426 925 729
619 537 216
619 537 216
619 537 216
619 537 216
619 537 216
619 537 216
528 270 675
528 270 675
248 640 673
528 270 675
365 544 587
720 545 163
528 270 675
831 758 561
528 270 675
112 855 269
112 855 269
196 442 758
279 644 352
897 896 894
720 545 163
720 545 163
528 270 675
418 404 673
528 270 675
528 270 675
528 270 675
528 270 675
528 270 675
528 270 675
528 270 675
528 270 675
528 270 675
528 270 675
528 270 675
528 270 675
528 270 675
528 270 675
528 270 675
528 270 675
528 270 675
528 270 675
528 270 675
528 270 675
528 270 675
528 270 675
528 270 675
528 270 675
528 270 675
528 270 675
528 270 675
528 270 675
528 270 675
528 270 675
295 828 635
295 828 635
295 828 635
429 504 882
429 504 882
429 504 882
151 599 641
151 599 641
151 599 641
265 208 364
733 062 419
349 022 801
533 445 633
513 449 751
956 219 501
153 708 884
401 520 657
401 520 657
213 059 667
213 059 667
213 059 667
213 059 667
104 715 175
559 343 712
290 587 113
129 806 637
129 806 637
129 806 637
528 270 675
452 992 385
720 545 163
528 270 675
454 684 351
454 684 351
152 552 599
152 552 599
720 545 163
528 270 675
476 382 319
454 684 351
454 684 351
528 270 675
687 412 028
675 601 242
805 869 154
479 630 962
120 913 004
723 429 252
528 270 675
166 414 447
243 519 898
338 152 607
528 270 675
273 961 255
528 270 675
619 537 216
503 010 888
799 047 133
378 380 005
625 018 748
550 706 169
196 596 044
196 596 044
196 596 044
196 596 044
196 596 044
196 596 044
196 596 044
196 596 044
169 847 111
774 163 462
203 587 739
570 491 350
911 142 375
639 080 686
639 080 686
134 721 344
964 248 238
964 248 238
964 248 238
964 248 238
964 248 238
964 248 238
964 248 238
847 503 118
848 590 193
548 284 645
240 719 147
720 545 163
528 270 675
680 370 236
720 545 163
528 270 675
607 229 293
720 545 163
528 270 675
528 270 675
528 270 675
163 954 519
720 545 163
528 270 675
129 806 637
771 859 554
821 383 102
720 545 163
720 545 163
720 545 163
720 545 163
720 545 163
720 545 163
720 545 163
720 545 163
834 728 045
546 940 692
546 940 692
546 940 692
546 940 692
546 940 692
848 590 193
720 545 163
528 270 675
348 023 768
620 682 801
295 828 635
295 828 635
159 840 779
528 270 675
295 828 635
737 365 683
720 545 163
295 828 635
720 545 163
917 382 096
295 828 635
720 545 163
528 270 675
156 345 339
720 545 163
528 270 675
393 734 324
720 545 163
528 270 675
528 270 675
248 640 404
720 545 163
528 270 675
256 149 051
720 545 163
187 990 343
720 545 163
528 270 675
444 782 301
720 545 163
528 270 675
528 270 675
528 270 675
619 537 216
619 537 216
720 545 163
720 545 163
720 545 163
720 545 163
720 545 163
720 545 163
720 545 163
720 545 163
720 545 163
