256 852 577
256 852 577
256 852 577
256 852 577
256 852 577
180 339 075
852 877 508
690 465 643
844 812 427
668 586 270
801 212 125
541 877 357
579 336 309
327 729 697
187 092 082
421 141 813
550 706 169
793 108 414
695 125 109
522 159 591
557 269 043
881 452 471
134 634 309
669 990 366
379 184 738
187 990 343
850 970 505
540 053 694
399 776 001
143 846 307
103 856 696
173 691 346
810 609 704
808 441 677
541 770 563
860 511 256
903 611 492
868 357 328
780 936 967
305 438 680
862 600 188
357 086 751
410 199 255
369 252 753
845 354 135
229 859 279
400 146 410
508 773 681
406 811 564
875 674 740
140 362 629
722 198 116
964 248 238
227 037 870
690 738 201
811 532 065
298 014 575
443 419 812
371 571 519
840 926 800
389 677 372
180 939 939
606 451 072
523 877 389
900 942 440
586 822 614
102 927 072
256 852 577
256 852 577
256 852 577
256 852 577
256 852 577
256 852 577
201 933 074
254 543 326
541 770 563
602 500 874
523 675 953
393 734 324
154 090 278
528 270 675
154 090 278
154 090 278
528 270 675
169 847 111
283 223 125
838 038 587
961 025 356
494 822 779
466 433 526
413 250 058
413 250 058
413 250 058
413 250 058
642 038 772
418 356 483
294 989 867
413 250 058
448 942 914
906 614 360
510 359 606
720 545 163
720 545 163
720 545 163
720 545 163
720 545 163
720 545 163
720 545 163
528 270 675
528 270 675
528 270 675
496 857 518
752 545 368
429 504 882
720 545 163
372 750 009
790 979 089
660 267 014
238 885 747
901 900 600
849 787 654
355 609 895
790 979 089
369 079 920
550 202 375
790 979 089
516 175 242
575 698 507
790 979 089
849 787 654
238 885 747
790 979 089
355 609 895
907 988 982
901 900 600
369 079 920
550 202 375
790 979 089
516 175 242
256 852 577
256 852 577
256 852 577
256 852 577
256 852 577
586 822 614
102 927 072
256 852 577
256 852 577
256 852 577
900 942 440
606 451 072
523 877 389
371 571 519
840 926 800
389 677 372
180 939 939
961 025 356
602 500 874
523 675 953
393 734 324
154 090 278
528 270 675
154 090 278
154 090 278
528 270 675
169 847 111
283 223 125
838 038 587
494 822 779
466 433 526
413 250 058
413 250 058
413 250 058
413 250 058
642 038 772
418 356 483
294 989 867
393 734 324
720 545 163
528 270 675
574 606 364
275 874 056
891 742 817
288 362 704
288 362 704
288 362 704
288 362 704
288 362 704
288 362 704
288 362 704
288 362 704
288 362 704
288 362 704
288 362 704
288 362 704
288 362 704
288 362 704
288 362 704
288 362 704
288 362 704
288 362 704
528 270 675
144 021 174
720 545 163
528 270 675
528 270 675
639 080 686
720 545 163
528 270 675
528 270 675
398 086 756
398 086 756
393 734 324
720 545 163
528 270 675
585 860 371
275 874 056
231 480 364
288 362 704
288 362 704
288 362 704
288 362 704
288 362 704
288 362 704
288 362 704
288 362 704
288 362 704
288 362 704
288 362 704
288 362 704
288 362 704
288 362 704
288 362 704
288 362 704
288 362 704
288 362 704
288 362 704
288 362 704
288 362 704
288 362 704
288 362 704
288 362 704
417 847 761
592 506 139
235 576 032
235 576 032
324 761 351
766 999 210
146 728 065
818 765 744
818 765 744
818 765 744
818 765 744
818 765 744
405 773 769
405 773 769
744 625 774
796 560 186
163 954 519
185 869 833
846 413 688
281 594 599
759 668 519
383 379 647
239 760 165
673 115 269
673 115 269
673 115 269
596 652 873
383 875 731
377 253 781
810 371 130
213 323 241
186 292 984
444 782 301
369 921 076
317 580 245
461 006 390
699 042 251
699 042 251
846 249 408
576 964 593
197 643 374
197 643 374
197 643 374
704 060 881
128 038 882
183 077 175
697 874 525
437 460 736
793 428 322
359 215 654
392 401 454
392 401 454
392 401 454
392 401 454
199 085 666
708 501 837
708 501 837
341 710 944
143 846 307
651 097 514
190 542 687
550 708 469
550 708 469
550 708 469
231 480 364
448 942 914
448 942 914
448 942 914
448 942 914
448 942 914
196 442 758
874 323 869
112 855 269
112 855 269
112 855 269
795 928 766
156 345 339
831 758 561
891 742 817
976 758 662
444 083 775
456 481 008
557 793 208
652 611 956
897 896 894
327 273 573
109 352 226
519 846 370
298 293 180
507 711 706
505 867 739
227 037 870
690 738 201
811 532 065
298 014 575
443 419 812
375 966 323
720 545 163
528 270 675
639 080 686
720 545 163
528 270 675
393 734 324
393 734 324
720 545 163
522 583 798
720 545 163
528 270 675
537 180 134
146 165 082
519 454 815
617 769 204
602 027 341
880 767 020
788 119 333
788 119 333
228 403 211
181 208 632
580 878 990
537 180 134
843 161 308
833 797 894
740 933 821
226 155 091
325 298 886
325 298 886
325 298 886
325 298 886
325 298 886
325 298 886
479 767 036
313 717 128
680 370 236
212 683 652
384 917 517
144 021 174
821 653 397
868 289 707
544 622 301
897 912 129
380 832 879
646 726 736
880 707 992
132 699 767
838 038 587
283 223 125
961 025 356
848 419 968
546 940 692
546 940 692
546 940 692
546 940 692
546 940 692
612 390 511
692 613 334
903 091 639
859 709 398
146 165 082
177 149 149
720 545 163
226 155 091
720 545 163
528 270 675
821 653 397
720 545 163
528 270 675
527 352 013
227 037 870
475 087 446
685 994 871
170 756 332
129 359 029
129 359 029
223 934 884
355 337 153
372 122 631
129 359 029
129 359 029
380 198 769
129 361 229
652 611 956
262 502 978
262 502 978
262 502 978
262 502 978
262 502 978
262 502 978
262 502 978
262 502 978
262 502 978
262 502 978
262 502 978
262 502 978
766 197 590
522 583 798
758 239 822
143 948 086
143 948 086
143 948 086
358 507 045
263 840 594
263 840 594
588 422 387
550 202 375
550 202 375
550 202 375
550 202 375
135 840 107
447 592 560
410 953 988
343 224 111
653 013 218
613 558 649
222 972 322
396 748 943
503 893 637
390 670 994
390 670 994
390 670 994
390 670 994
390 670 994
390 670 994
390 670 994
390 670 994
390 670 994
390 670 994
506 608 805
607 369 995
213 017 659
213 017 659
585 160 431
867 184 659
867 184 659
867 184 659
867 184 659
867 184 659
867 184 659
867 184 659
867 184 659
867 184 659
964 248 238
323 093 328
528 270 675
964 248 238
964 248 238
964 248 238
964 248 238
528 270 675
845 603 019
527 352 013
845 603 019
406 811 564
508 773 681
875 674 740
140 362 629
722 198 116
964 248 238
964 248 238
964 248 238
964 248 238
964 248 238
904 713 910
720 545 163
528 270 675
298 293 180
720 545 163
528 270 675
617 769 204
720 545 163
875 674 740
720 545 163
528 270 675
530 509 091
412 736 307
720 545 163
528 270 675
528 270 675
323 093 328
323 093 328
468 133 281
468 133 281
867 184 659
867 184 659
349 774 914
443 722 930
443 722 930
847 444 591
301 886 627
545 425 708
870 663 041
504 175 587
504 175 587
801 924 684
789 834 987
123 833 631
224 887 909
224 887 909
188 856 969
191 468 463
191 468 463
272 971 332
358 879 333
939 532 646
496 343 436
858 353 539
106 535 894
560 480 767
560 480 767
560 480 767
560 480 767
560 480 767
560 480 767
560 480 767
560 480 767
560 480 767
560 480 767
596 006 437
348 695 097
596 006 437
656 805 140
596 006 437
656 805 140
781 471 574
227 037 870
587 504 084
146 728 065
349 935 340
417 436 718
720 545 163
528 270 675
417 847 761
402 936 331
720 545 163
528 270 675
964 248 238
845 354 135
229 859 279
400 146 410
454 684 351
468 133 281
468 133 281
468 133 281
468 133 281
751 336 573
468 133 281
468 133 281
468 133 281
468 133 281
751 336 573
177 652 020
458 453 037
251 373 718
251 373 718
652 701 410
324 769 387
708 654 021
481 369 070
131 225 065
797 470 164
797 470 164
797 470 164
709 502 458
516 298 690
659 236 069
116 453 556
101 043 570
638 161 993
253 155 141
513 118 765
794 735 012
248 640 673
102 457 085
587 504 084
227 037 870
227 037 870
227 037 870
110 243 676
428 579 456
983 888 406
983 888 406
845 603 019
212 887 735
212 887 735
752 545 368
752 545 368
752 545 368
752 545 368
752 545 368
369 252 753
566 210 073
559 953 590
357 086 751
410 199 255
381 614 389
809 864 687
719 155 533
603 727 158
478 272 197
858 717 202
829 356 138
617 835 646
426 925 729
527 570 281
907 986 488
414 291 484
888 107 028
806 956 719
300 372 737
248 640 404
304 584 673
454 684 351
454 684 351
152 552 599
152 552 599
564 132 797
394 730 603
243 519 898
454 684 351
454 684 351
454 684 351
114 617 654
845 630 905
606 233 398
413 536 108
675 601 242
210 664 205
914 062 506
353 807 222
761 577 597
761 577 597
761 577 597
300 739 942
381 614 389
809 864 687
719 155 533
603 727 158
478 272 197
858 717 202
